0.0000 0.0000 0.0000 0.0000
0.0470 -0.4805 0.0264 1.0000
-0.1901 -1.6432 -0.0223 2.0000
-0.2060 -1.8523 -0.0110 3.0000
-0.1380 -2.0740 -0.0106 4.0000
0.2372 -2.7771 -0.0937 5.0000
0.9101 -3.6199 -0.1489 6.0000
1.4339 -4.6558 -0.2390 7.0000
1.8122 -5.2297 -0.3077 8.0000
2.1003 -5.7641 -0.3410 9.0000
2.7488 -6.5924 -0.4308 10.0000
3.4910 -7.5726 -0.5032 11.0000
4.2696 -8.3891 -0.5958 12.0000
4.9717 -9.1749 -0.6600 13.0000
5.6202 -10.0983 -0.7114 14.0000
6.1086 -10.8354 -0.7707 15.0000
7.0553 -11.5444 -0.8356 16.0000
7.8078 -12.3555 -0.8833 17.0000
8.2473 -13.0645 -0.9013 18.0000
8.5882 -14.0146 -0.9415 19.0000
9.1317 -14.6986 -0.9847 20.0000
9.9521 -15.3781 -1.0295 21.0000
10.8693 -16.0373 -1.0808 22.0000
11.6532 -16.6991 -1.1357 23.0000
12.2403 -17.6340 -1.1950 24.0000
12.7024 -18.6324 -1.2463 25.0000
13.1093 -19.1785 -1.2573 26.0000
13.9029 -19.8894 -1.2913 27.0000
14.7131 -20.6210 -1.3073 28.0000
15.5004 -21.4481 -1.3417 29.0000
16.0759 -22.2065 -1.3987 30.0000
16.4692 -23.3531 -1.4364 31.0000
17.1323 -24.3803 -1.4500 32.0000
17.7729 -25.2199 -1.4715 33.0000
18.5232 -25.9369 -1.4038 34.0000
19.1377 -26.6169 -1.3819 35.0000
19.5481 -27.6044 -1.3559 36.0000
19.9319 -28.6315 -1.3427 37.0000
20.3699 -29.5663 -1.3203 38.0000
20.5120 -29.7770 -1.3110 39.0000
21.4145 -30.6702 -1.3165 40.0000
22.0103 -31.5146 -1.2938 41.0000
22.6000 -32.4224 -1.2684 42.0000
23.2889 -33.2821 -1.2596 43.0000
23.8539 -34.2019 -1.2388 44.0000
24.3145 -35.1998 -1.2260 45.0000
24.8540 -36.1464 -1.1853 46.0000
25.4645 -37.0404 -1.1623 47.0000
26.1769 -37.8812 -1.1312 48.0000
26.9511 -38.6549 -1.1090 49.0000
27.6272 -39.5514 -1.0743 50.0000
28.2565 -40.4476 -1.0537 51.0000
28.7903 -41.3983 -1.0411 52.0000
29.3680 -42.3157 -1.0277 53.0000
29.9485 -43.1910 -1.0401 54.0000
30.6637 -43.9291 -1.0458 55.0000
31.2967 -44.9164 -1.0521 56.0000
32.0266 -45.5464 -1.0508 57.0000
32.9282 -46.2035 -1.0793 58.0000
33.7278 -46.9428 -1.0881 59.0000
34.5454 -47.6811 -1.0933 60.0000
35.3907 -48.3438 -1.1028 61.0000
36.2364 -49.0430 -1.1267 62.0000
36.8990 -49.8039 -1.1325 63.0000
37.1300 -49.9870 -1.1407 64.0000
38.0857 -50.4385 -1.1823 65.0000
39.1064 -50.8456 -1.2151 66.0000
40.1379 -51.2471 -1.2394 67.0000
41.1704 -51.6087 -1.2826 68.0000
42.0877 -51.9458 -1.3183 69.0000
43.0731 -52.4474 -1.3505 70.0000
44.0428 -52.9432 -1.3951 71.0000
44.9663 -53.4897 -1.4363 72.0000
45.9636 -53.9471 -1.4732 73.0000
47.0102 -54.2755 -1.5314 74.0000
48.0433 -54.6069 -1.5975 75.0000
49.1247 -54.8647 -1.6453 76.0000
49.6896 -54.9338 -1.6829 77.0000
50.8582 -54.7738 -1.7609 78.0000
51.9795 -54.5791 -1.8612 79.0000
53.0758 -54.4459 -1.9400 80.0000
54.0900 -54.3163 -2.0032 81.0000
55.1572 -54.0362 -2.0902 82.0000
56.1935 -53.7080 -2.1740 83.0000
57.2575 -53.4630 -2.2501 84.0000
58.3523 -53.3100 -2.2961 85.0000
59.4202 -53.2750 -2.3514 86.0000
60.4424 -53.2116 -2.3926 87.0000
61.0394 -53.1960 -2.4255 88.0000
61.5099 -53.2793 -2.4435 89.0000
61.5198 -53.3380 -2.4321 90.0000
61.8048 -53.1946 -2.4493 91.0000
62.7206 -52.6229 -2.5097 92.0000
63.6203 -52.0169 -2.5761 93.0000
64.5393 -51.4238 -2.6363 94.0000
65.4854 -50.8159 -2.6667 95.0000
66.4408 -50.2625 -2.7217 96.0000
67.3984 -49.7049 -2.7553 97.0000
68.3573 -49.1587 -2.7692 98.0000
69.3292 -48.3355 -2.8046 99.0000
70.1189 -47.5820 -2.8267 100.0000
70.9143 -46.8022 -2.8381 101.0000
71.1536 -46.5532 -2.8493 102.0000
71.4363 -45.8810 -2.8429 103.0000
71.8222 -44.8642 -2.8681 104.0000
72.2749 -43.9401 -2.8746 105.0000
72.8282 -42.9996 -2.8494 106.0000
73.3410 -42.0186 -2.8398 107.0000
73.8542 -41.0559 -2.8209 108.0000
74.3288 -40.0720 -2.8173 109.0000
74.8262 -39.0968 -2.8163 110.0000
75.3515 -38.1358 -2.8049 111.0000
75.9422 -37.2052 -2.8007 112.0000
76.5733 -36.3004 -2.7874 113.0000
77.1631 -35.3690 -2.7659 114.0000
77.7637 -34.4650 -2.7646 115.0000
78.3373 -33.6045 -2.7393 116.0000
78.9386 -32.6930 -2.7146 117.0000
79.4528 -31.7889 -2.7143 118.0000
80.1973 -30.8738 -2.7263 119.0000
80.6953 -29.8880 -2.7319 120.0000
81.2051 -28.9271 -2.7783 121.0000
81.7431 -28.0310 -2.7984 122.0000
82.4378 -27.1848 -2.7721 123.0000
82.8699 -26.2569 -2.7815 124.0000
83.3793 -25.3019 -2.7807 125.0000
84.0014 -24.3877 -2.7465 126.0000
84.4520 -23.4322 -2.7457 127.0000
84.9582 -22.4473 -2.7183 128.0000
85.4646 -21.4875 -2.6950 129.0000
85.9041 -20.4782 -2.7160 130.0000
86.4220 -19.5075 -2.7140 131.0000
87.0033 -18.5907 -2.7177 132.0000
87.2703 -17.9733 -2.7174 133.0000
87.3221 -17.7766 -2.7091 134.0000
87.3989 -17.8301 -2.7086 135.0000
87.4277 -17.9158 -2.6900 136.0000
87.4706 -17.9056 -2.7656 137.0000
87.3071 -17.7817 -2.7187 138.0000
86.2646 -17.3407 -2.7005 139.0000
85.4295 -16.7260 -2.7710 140.0000
84.5218 -16.2097 -2.8321 141.0000
84.1585 -15.9456 -2.8785 142.0000
83.5249 -15.0456 -2.9276 143.0000
82.9743 -14.1569 -2.9654 144.0000
82.3819 -13.2838 -3.0143 145.0000
81.7508 -12.4722 -3.0490 146.0000
81.0358 -11.6759 -3.1197 147.0000
80.3602 -10.8221 -3.1638 148.0000
79.6756 -9.9700 -3.2051 149.0000
78.9277 -9.1655 -3.2378 150.0000
78.0821 -8.4453 -3.2632 151.0000
77.2448 -7.8785 -3.2859 152.0000
76.5356 -7.0624 -3.2989 153.0000
75.7801 -6.2788 -3.3022 154.0000
75.0126 -5.5115 -3.2948 155.0000
74.2752 -4.7092 -3.2891 156.0000
73.5716 -3.9569 -3.2670 157.0000
73.2924 -3.7160 -3.2643 158.0000
72.3753 -3.1602 -3.2414 159.0000
71.4744 -2.4993 -3.2216 160.0000
70.6811 -1.8367 -3.2010 161.0000
70.0356 -0.9924 -3.1817 162.0000
69.3466 -0.2364 -3.1802 163.0000
68.7766 0.6227 -3.1450 164.0000
68.0212 1.3216 -3.1051 165.0000
67.3508 2.0932 -3.0709 166.0000
66.6946 2.8892 -3.0095 167.0000
66.0611 3.7434 -2.9797 168.0000
65.4635 4.4456 -2.9518 169.0000
64.8701 5.5002 -2.9107 170.0000
64.6430 6.5246 -2.9049 171.0000
64.2601 7.5352 -2.9083 172.0000
63.9661 8.5021 -2.9037 173.0000
63.6349 9.3886 -2.9270 174.0000
63.5583 10.2239 -2.9232 175.0000
63.6886 11.2801 -2.9474 176.0000
63.6957 12.2822 -2.9868 177.0000
63.7080 13.4419 -3.0366 178.0000
63.6812 14.5328 -3.0833 179.0000
63.7748 15.6047 -3.1030 180.0000
63.9719 16.6902 -3.1052 181.0000
64.1076 17.6088 -3.1121 182.0000
64.0227 18.6953 -3.1033 183.0000
63.9445 19.7790 -3.1108 184.0000
63.8952 20.8688 -3.1134 185.0000
63.9054 21.8020 -3.1133 186.0000
64.1665 22.5087 -3.0748 187.0000
64.6193 23.4181 -3.0462 188.0000
64.9265 24.4524 -3.0299 189.0000
65.1315 25.5534 -3.0179 190.0000
65.3231 26.6346 -2.9932 191.0000
65.5733 27.7057 -2.9660 192.0000
65.8542 28.7434 -2.9400 193.0000
66.1249 29.8058 -2.8959 194.0000
66.4075 30.8518 -2.8638 195.0000
66.7086 31.9075 -2.8258 196.0000
67.0062 32.9338 -2.7916 197.0000
67.2169 34.0024 -2.7445 198.0000
67.4282 35.0805 -2.7269 199.0000
67.6978 36.1384 -2.6722 200.0000
67.9614 37.2022 -2.6351 201.0000
68.3069 38.2370 -2.6151 202.0000
68.6577 39.2593 -2.5641 203.0000
68.9592 40.3200 -2.5320 204.0000
69.2408 41.3871 -2.5030 205.0000
69.5025 42.4671 -2.4618 206.0000
69.7671 43.5160 -2.4184 207.0000
70.0411 44.5708 -2.3977 208.0000
70.3342 45.6328 -2.3646 209.0000
70.6311 46.6821 -2.3293 210.0000
70.9251 47.7329 -2.2976 211.0000
71.2356 48.7699 -2.2662 212.0000
71.5683 49.8266 -2.2308 213.0000
71.9328 50.8349 -2.1930 214.0000
71.9957 51.2025 -2.1935 215.0000
72.0427 52.4110 -2.1418 216.0000
72.1533 53.4926 -2.1080 217.0000
72.3789 54.5521 -2.0580 218.0000
72.6542 55.5968 -2.0154 219.0000
72.8604 56.2681 -1.9993 220.0000
73.3031 57.1543 -1.9592 221.0000
73.3680 57.3780 -1.9440 222.0000
73.3002 58.3787 -1.9013 223.0000
73.5159 59.4170 -1.8516 224.0000
73.8305 60.4377 -1.8037 225.0000
74.1009 61.5972 -1.7658 226.0000
74.4884 62.6291 -1.7260 227.0000
74.4945 62.7483 -1.7245 228.0000
74.3392 63.4252 -1.7064 229.0000
74.3608 63.7041 -1.6936 230.0000
74.8828 64.8316 -1.6553 231.0000
75.1419 65.8139 -1.6335 232.0000
75.3182 66.8957 -1.6097 233.0000
75.6411 67.9436 -1.5622 234.0000
76.0301 68.9612 -1.5270 235.0000
76.3131 70.0347 -1.5043 236.0000
76.5202 71.1131 -1.4612 237.0000
76.6842 72.2012 -1.4190 238.0000
76.9278 73.2626 -1.3828 239.0000
77.2577 74.2878 -1.3625 240.0000
77.6186 75.3163 -1.3084 241.0000
77.8979 76.3613 -1.2557 242.0000
78.0686 77.4461 -1.2046 243.0000
78.2578 78.5199 -1.1623 244.0000
78.4929 79.5811 -1.1119 245.0000
78.8054 80.6305 -1.0702 246.0000
79.0453 81.6945 -1.0360 247.0000
79.2776 82.7572 -0.9937 248.0000
79.5317 83.8279 -0.9481 249.0000
79.7953 84.8866 -0.9186 250.0000
80.0737 85.9359 -0.8669 251.0000
80.3708 87.0073 -0.8149 252.0000
80.6618 88.0441 -0.7934 253.0000
80.9748 89.0881 -0.7255 254.0000
81.2943 90.1346 -0.6805 255.0000
81.6072 91.1908 -0.6307 256.0000
81.8009 92.2712 -0.5718 257.0000
82.0226 93.3236 -0.5231 258.0000
82.3527 94.3695 -0.4690 259.0000
82.7526 95.3800 -0.4266 260.0000
82.9318 96.0610 -0.3977 261.0000
83.0736 97.1468 -0.3542 262.0000
83.2332 98.2367 -0.3039 263.0000
83.4155 99.3194 -0.2689 264.0000
83.6498 100.3758 -0.2192 265.0000
83.9836 101.4165 -0.1661 266.0000
84.3165 102.4395 -0.1289 267.0000
84.5473 103.5061 -0.0647 268.0000
84.7779 104.5642 -0.0080 269.0000
85.0238 105.6205 0.0320 270.0000
85.2049 106.6973 0.0676 271.0000
85.4167 107.7780 0.1446 272.0000
85.6552 108.8339 0.2224 273.0000
85.9286 109.8889 0.2987 274.0000
86.1737 110.9498 0.3714 275.0000
86.4408 111.9941 0.4227 276.0000
86.7086 113.0439 0.4863 277.0000
86.9914 114.1274 0.5422 278.0000
87.2761 115.1732 0.5879 279.0000
87.5659 116.2302 0.6297 280.0000
87.8641 117.2752 0.6931 281.0000
88.0761 118.3480 0.7511 282.0000
88.1879 119.3764 0.8284 283.0000
88.4930 120.3791 0.9704 284.0000
88.9028 121.2998 1.0956 285.0000
89.1384 122.3647 1.2189 286.0000
89.3549 123.4111 1.3197 287.0000
89.5616 124.4712 1.4285 288.0000
89.7924 125.5404 1.5494 289.0000
90.0408 126.5848 1.6435 290.0000
90.2722 127.6475 1.7639 291.0000
90.5319 128.7030 1.8578 292.0000
90.7951 129.7847 1.9173 293.0000
91.0927 130.8299 1.9556 294.0000
91.4904 131.8654 1.9579 295.0000
91.9201 132.8656 2.0043 296.0000
92.3555 133.8588 2.0122 297.0000
92.7009 134.7180 2.0671 298.0000
92.7744 135.7172 2.0561 299.0000
92.8994 136.2934 2.0984 300.0000
93.4761 137.1406 2.1120 301.0000
93.6301 137.3655 2.1208 302.0000
93.9149 138.6069 2.1368 303.0000
94.0971 139.2747 2.1639 304.0000
94.5478 140.1977 2.1813 305.0000
94.6541 140.4846 2.1881 306.0000
94.6432 141.6320 2.1968 307.0000
94.7089 142.6423 2.2096 308.0000
95.0154 143.6848 2.2350 309.0000
95.3519 144.7396 2.2408 310.0000
95.7112 145.7684 2.2716 311.0000
96.0593 146.8103 2.2997 312.0000
96.4560 147.8056 2.3264 313.0000
96.6908 148.8685 2.3568 314.0000
96.8900 149.9438 2.3615 315.0000
97.1389 151.0179 2.3883 316.0000
97.4463 152.0609 2.4078 317.0000
97.8251 153.0861 2.4270 318.0000
98.2739 154.0871 2.4552 319.0000
98.6109 155.0361 2.4843 320.0000
98.7837 156.1285 2.5188 321.0000
99.0616 157.1968 2.5372 322.0000
99.3520 158.1903 2.5746 323.0000
99.5241 159.2714 2.6102 324.0000
99.7091 160.3581 2.6636 325.0000
99.8847 161.4370 2.7133 326.0000
100.0893 162.5088 2.7515 327.0000
100.4054 163.5477 2.7758 328.0000
100.8849 164.5438 2.8144 329.0000
101.2670 165.5370 2.8546 330.0000
101.4875 166.6177 2.8870 331.0000
101.6938 167.6958 2.9110 332.0000
101.9315 168.7481 2.9285 333.0000
102.2143 169.8089 2.9732 334.0000
102.5250 170.8524 3.0198 335.0000
102.7724 171.9368 3.0473 336.0000
102.9325 173.0189 3.0869 337.0000
103.1170 174.0790 3.1359 338.0000
103.4072 175.1315 3.1724 339.0000
103.8867 176.1008 3.2105 340.0000
104.1757 176.7603 3.2202 341.0000
104.4314 177.8104 3.2661 342.0000
104.7345 178.8492 3.3046 343.0000
105.0560 179.9056 3.3399 344.0000
105.3843 180.9405 3.3844 345.0000
105.7181 181.9924 3.4219 346.0000
106.0381 183.0348 3.4666 347.0000
106.2664 184.1249 3.5006 348.0000
106.3900 185.1968 3.5492 349.0000
106.4204 186.2939 3.5962 350.0000
106.3306 187.4027 3.6315 351.0000
106.2169 188.0451 3.6458 352.0000
106.2346 188.1279 3.6445 353.0000
106.2767 188.1383 3.6477 354.0000
105.3106 188.6484 3.6801 355.0000
105.1950 188.6759 3.6323 356.0000
105.1799 188.6575 3.6324 357.0000
105.1684 188.6400 3.6345 358.0000
105.1591 188.6988 3.6322 359.0000
105.1543 188.7916 3.6324 360.0000
105.4005 189.2406 3.6570 361.0000
105.9497 189.7934 3.6800 362.0000
106.8004 190.4127 3.7431 363.0000
107.3576 191.1680 3.7935 364.0000
107.9083 192.1138 3.8528 365.0000
108.4439 193.0834 3.9039 366.0000
108.8355 194.0743 3.9663 367.0000
109.1685 195.1131 4.0255 368.0000
109.5288 196.1343 4.0807 369.0000
109.8703 197.1638 4.1444 370.0000
110.2570 198.1884 4.2031 371.0000
110.6099 199.1532 4.2791 372.0000
110.7916 200.2060 4.3363 373.0000
110.8493 201.2879 4.4143 374.0000
110.9205 201.6026 4.4216 375.0000
111.3757 202.5262 4.4861 376.0000
111.8962 203.4927 4.5501 377.0000
112.3882 204.4176 4.6153 378.0000
112.5426 205.1087 4.6543 379.0000
112.6122 206.2137 4.7092 380.0000
112.7359 207.3190 4.7677 381.0000
112.9343 208.3659 4.8319 382.0000
113.2100 209.4076 4.8960 383.0000
113.5379 210.4419 4.9570 384.0000
113.9007 211.4627 5.0326 385.0000
114.2478 212.4982 5.1087 386.0000
114.5818 213.5490 5.1724 387.0000
114.9012 214.6134 5.2531 388.0000
115.1727 215.6810 5.3137 389.0000
115.4526 216.7085 5.3836 390.0000
115.7653 217.7494 5.4614 391.0000
116.0720 218.7814 5.5226 392.0000
116.3670 219.8246 5.5897 393.0000
116.6850 220.8784 5.6715 394.0000
117.0324 221.9128 5.7355 395.0000
117.3676 222.9589 5.7837 396.0000
117.7077 223.9936 5.8537 397.0000
117.8844 225.0540 5.9112 398.0000
117.9704 226.1439 5.9742 399.0000
118.0998 227.2294 6.0472 400.0000
118.2579 228.3130 6.1151 401.0000
118.4791 229.3851 6.1894 402.0000
118.7998 230.4534 6.2696 403.0000
119.2055 231.4600 6.3262 404.0000
119.6588 232.4566 6.3990 405.0000
120.0891 233.5921 6.4831 406.0000
120.1790 234.6574 6.5611 407.0000
120.3024 235.7310 6.6183 408.0000
120.5016 236.7876 6.6987 409.0000
120.7875 237.8439 6.7684 410.0000
121.1600 238.8459 6.8579 411.0000
121.6491 239.8188 6.9281 412.0000
122.1490 240.8852 7.0104 413.0000
122.4265 241.9424 7.0947 414.0000
122.7042 243.0176 7.1820 415.0000
122.9800 244.0648 7.2773 416.0000
123.2196 245.1057 7.3773 417.0000
123.2834 246.1963 7.4389 418.0000
123.4151 247.3647 7.5440 419.0000
123.8528 248.2876 7.6457 420.0000
124.3463 249.2599 7.7408 421.0000
124.8291 250.2035 7.8404 422.0000
125.2587 251.1905 7.9366 423.0000
125.5079 252.2599 8.0277 424.0000
125.7553 253.3058 8.1400 425.0000
126.0004 254.3523 8.2405 426.0000
126.2716 255.3983 8.3510 427.0000
126.6112 256.4394 8.4547 428.0000
127.0059 257.4612 8.5693 429.0000
127.3202 258.4526 8.6843 430.0000
127.6098 259.4930 8.7860 431.0000
127.8559 260.5518 8.9116 432.0000
127.9571 261.6203 9.0119 433.0000
128.0287 262.6982 9.1501 434.0000
128.1600 263.7672 9.2654 435.0000
128.2177 264.8423 9.3844 436.0000
128.2567 265.9115 9.4889 437.0000
128.4027 266.9789 9.6122 438.0000
128.5393 267.9389 9.7410 439.0000
128.4439 268.9709 9.8494 440.0000
128.4613 269.2348 9.9174 441.0000
128.1973 269.7950 9.9475 442.0000
128.2184 269.7963 9.9427 443.0000
128.0884 269.8791 9.9638 444.0000
127.7119 270.1313 9.9707 445.0000
127.6481 270.1637 9.9628 446.0000
127.0585 270.1351 9.9322 447.0000
126.0671 270.4225 9.8827 448.0000
125.0395 270.7006 9.8457 449.0000
124.0480 270.9572 9.8243 450.0000
123.0460 271.2280 9.8081 451.0000
122.0410 271.4916 9.7765 452.0000
120.8993 271.5437 9.7321 453.0000
119.8188 271.5206 9.6793 454.0000
118.9934 271.5591 9.6295 455.0000
118.8056 271.5662 9.6165 456.0000
118.6429 271.6086 9.5920 457.0000
118.4838 271.8821 9.6672 458.0000
118.3257 272.1363 9.6791 459.0000
118.3069 272.1489 9.6804 460.0000
117.3116 272.4835 9.6696 461.0000
116.7984 272.7141 9.6840 462.0000
115.7576 272.7586 9.6429 463.0000
115.1124 272.7763 9.6221 464.0000
114.5825 272.6358 9.5925 465.0000
113.7195 272.3672 9.5615 466.0000
112.6451 272.3015 9.5333 467.0000
111.5426 272.2501 9.5007 468.0000
110.5023 272.3452 9.4994 469.0000
109.6721 272.5218 9.5130 470.0000
109.1253 272.4767 9.5153 471.0000
108.1725 272.1415 9.4761 472.0000
107.2554 271.9142 9.4445 473.0000
106.2351 272.0002 9.4397 474.0000
105.1774 272.0076 9.4092 475.0000
104.0900 271.8361 9.3634 476.0000
103.0337 271.5741 9.3233 477.0000
101.9794 271.2576 9.2744 478.0000
100.9015 271.0770 9.2736 479.0000
99.8103 270.9969 9.2700 480.0000
98.7579 270.8341 9.2553 481.0000
97.6850 270.5848 9.2271 482.0000
96.6076 270.3155 9.2040 483.0000
95.6690 269.8722 9.1610 484.0000
94.7205 269.3504 9.1180 485.0000
93.7863 268.8849 9.0637 486.0000
93.0585 268.6467 9.0891 487.0000
92.0090 268.4075 9.0916 488.0000
91.0219 268.1967 9.1053 489.0000
90.0609 267.7294 9.1403 490.0000
89.0562 267.2295 9.1589 491.0000
88.0608 266.8208 9.1823 492.0000
86.9865 266.5661 9.1976 493.0000
85.9657 266.2645 9.1656 494.0000
84.9809 265.8170 9.1393 495.0000
83.9309 265.4870 9.1378 496.0000
82.7466 265.1405 9.1501 497.0000
81.7370 264.7319 9.1553 498.0000
80.7089 264.3242 9.1363 499.0000
79.7109 263.9254 9.1411 500.0000
78.7308 263.5190 9.1812 501.0000
77.7209 263.2885 9.2178 502.0000
76.6455 263.2011 9.2578 503.0000
75.9745 263.1370 9.2900 504.0000
74.8733 262.6380 9.3312 505.0000
73.8983 262.2158 9.3531 506.0000
72.9447 261.8033 9.4173 507.0000
71.9067 261.4439 9.4483 508.0000
70.8832 261.0647 9.4909 509.0000
69.9549 260.4896 9.4918 510.0000
68.8615 259.9105 9.5164 511.0000
67.9039 259.4214 9.5270 512.0000
67.1750 258.9532 9.5233 513.0000
65.9806 258.6536 9.5441 514.0000
65.1194 258.3392 9.5522 515.0000
64.2379 257.7141 9.5383 516.0000
63.3126 257.1791 9.5356 517.0000
62.5507 256.5210 9.4976 518.0000
61.7885 255.8537 9.4759 519.0000
60.8464 255.2966 9.4387 520.0000
59.8230 254.6094 9.3929 521.0000
59.0682 254.1848 9.3664 522.0000
59.0133 254.1646 9.3776 523.0000
58.9591 254.0410 9.3651 524.0000
58.6003 253.0323 9.2788 525.0000
58.1792 251.9367 9.1512 526.0000
57.9343 251.5621 9.0967 527.0000
57.5984 250.5823 8.9413 528.0000
57.2750 249.7874 8.8317 529.0000
57.2767 248.6762 8.6883 530.0000
57.1995 247.6191 8.5504 531.0000
56.8111 246.7010 8.4154 532.0000
56.7481 246.5245 8.4046 533.0000
56.7187 246.3310 8.3767 534.0000
56.9158 245.2172 8.2336 535.0000
56.9153 244.2159 8.0768 536.0000
56.7814 243.1389 7.9602 537.0000
56.5791 242.0437 7.8392 538.0000
56.3863 240.9731 7.7430 539.0000
56.3742 239.8818 7.6389 540.0000
56.3914 238.7899 7.5369 541.0000
56.4051 237.6997 7.4450 542.0000
56.1677 236.6475 7.3523 543.0000
56.0240 235.7055 7.2713 544.0000
56.1300 234.6373 7.1642 545.0000
56.0917 233.5427 7.0488 546.0000
56.0083 232.4566 6.9656 547.0000
56.0041 231.3465 6.8492 548.0000
56.1362 230.2432 6.7314 549.0000
56.2435 229.0885 6.6240 550.0000
56.4345 228.0934 6.5275 551.0000
56.7821 227.0612 6.3914 552.0000
56.8716 226.6779 6.3596 553.0000
56.7840 225.6152 6.2364 554.0000
56.7614 225.0077 6.1658 555.0000
56.9563 224.0251 6.0445 556.0000
56.9261 222.9338 5.9189 557.0000
56.9824 221.7043 5.7607 558.0000
56.9698 220.6956 5.6367 559.0000
57.0121 220.5051 5.5962 560.0000
57.3198 219.4398 5.4572 561.0000
57.6158 218.3005 5.2868 562.0000
57.9833 217.4662 5.1740 563.0000
58.3081 216.4729 5.0343 564.0000
58.9975 215.4156 4.9107 565.0000
59.5735 214.4865 4.8051 566.0000
60.1545 213.5636 4.7686 567.0000
60.7978 212.6862 4.7189 568.0000
61.5829 211.9365 4.7114 569.0000
62.4536 211.3166 4.6575 570.0000
63.2631 210.5808 4.6541 571.0000
64.1040 209.8588 4.6250 572.0000
64.8995 209.1368 4.6230 573.0000
65.6961 208.3918 4.6004 574.0000
66.5004 207.6399 4.5735 575.0000
67.2970 206.8893 4.5305 576.0000
68.0644 206.1202 4.5123 577.0000
68.8603 205.4147 4.4977 578.0000
69.7622 204.8375 4.4682 579.0000
70.7006 204.2303 4.4765 580.0000
71.5224 203.5579 4.4504 581.0000
72.2569 202.7625 4.4321 582.0000
73.0382 202.0050 4.4289 583.0000
73.9420 201.3994 4.4284 584.0000
74.8934 200.8254 4.4270 585.0000
75.8059 200.2576 4.4136 586.0000
76.7042 199.6682 4.4105 587.0000
77.6237 199.0864 4.4226 588.0000
78.5160 198.4996 4.4156 589.0000
79.3942 197.8869 4.4169 590.0000
80.2766 197.2525 4.4198 591.0000
81.1781 196.6296 4.4124 592.0000
82.0859 196.0203 4.3946 593.0000
82.9820 195.4022 4.3792 594.0000
83.8724 194.7871 4.3622 595.0000
84.7414 194.1612 4.3425 596.0000
85.6339 193.5139 4.3332 597.0000
86.5215 192.9204 4.2997 598.0000
87.4175 192.2921 4.2785 599.0000
88.2877 191.6653 4.2614 600.0000
89.2468 191.2279 4.2269 601.0000
90.3001 190.8916 4.1998 602.0000
91.2995 190.4835 4.1662 603.0000
92.2632 189.9715 4.1326 604.0000
93.1704 189.3870 4.0799 605.0000
93.8326 188.8895 4.0514 606.0000
94.5483 188.7288 4.0214 607.0000
95.6213 188.5720 3.9798 608.0000
96.6933 188.2919 3.9339 609.0000
97.7693 188.0103 3.8627 610.0000
98.8272 187.7397 3.8039 611.0000
99.8195 187.2819 3.7252 612.0000
100.7340 186.6491 3.6314 613.0000
101.6069 185.9781 3.5577 614.0000
102.4885 185.3411 3.5003 615.0000
103.3504 184.6835 3.4786 616.0000
103.7858 184.1816 3.4644 617.0000
104.4013 183.2414 3.4343 618.0000
104.9778 182.3977 3.4084 619.0000
105.0992 182.1971 3.4098 620.0000
105.1389 182.1910 3.4094 621.0000
105.1511 182.1413 3.4063 622.0000
105.0480 181.8723 3.3972 623.0000
104.6607 181.3287 3.3685 624.0000
104.0323 180.7039 3.3449 625.0000
103.4747 179.8150 3.3169 626.0000
103.2602 178.6397 3.2690 627.0000
103.0488 177.5721 3.2393 628.0000
102.8676 176.4937 3.1926 629.0000
102.7442 175.4086 3.1490 630.0000
102.6293 174.4197 3.1142 631.0000
102.2212 173.4090 3.0820 632.0000
101.7253 172.4767 3.0398 633.0000
101.5780 171.9351 3.0201 634.0000
101.4480 170.8702 2.9869 635.0000
101.1606 169.8164 2.9415 636.0000
100.8869 168.7413 2.9027 637.0000
100.6664 167.6626 2.8613 638.0000
100.4219 166.5897 2.8473 639.0000
100.1640 165.5218 2.8122 640.0000
99.8983 164.4654 2.7741 641.0000
99.6122 163.4028 2.7514 642.0000
99.3295 162.3484 2.7019 643.0000
99.0329 161.2811 2.6786 644.0000
98.7199 160.2292 2.6335 645.0000
98.4095 159.1797 2.5679 646.0000
98.0805 158.1484 2.5185 647.0000
97.7711 157.0918 2.4963 648.0000
97.4318 156.0634 2.4703 649.0000
97.0893 155.0012 2.4528 650.0000
96.7273 153.9863 2.4186 651.0000
96.3647 152.9548 2.4021 652.0000
95.9914 151.9145 2.3856 653.0000
95.6100 150.9034 2.3615 654.0000
